31032323000000000112010000000000
13213030000000000112303300000000
20320101000000002330303300000000
02100101000000003001010000000000
20322323000000000112121100000000
20321212000000002330232200000000
20321212000000000112010000000000
13211212000000002330303300000000
13213030000000003001121100000000
02101212000000000112303300000000
02102323000000003001232200000000
13211212000000002330232200000000
20320101000000001223010000000000
13212323000000000112303300000000
02101212000000000112303300000000
13212323000000000112121100000000
31030101000000000112232200000000
31033030000000000112303300000000
13211212000000003001232200000000
31031212000000000112010000000000
02101212000000001223010000000000
13213030000000003001121100000000
02103030000000003001010000000000
13210101000000001223232200000000
31031212000000000112303300000000
02103030000000002330303300000000
20321212000000003001232200000000
20320101000000002330303300000000
31033030000000002330303300000000
31033030000000001223121100000000
20320101000000000112121100000000
20321212000000001223303300000000
02320202000000003023202300000000
13321212000000000123202300000000
02030202000000003023121100000000
02101313000000002330131200000000
02101010000000000112232200000000
31030000000000003030313000000000
02322121000000001230303300000000
31323030000000001212101300000000
20032121000000002301232200000000
02322020000000003001313000000000
31320101000000001230131200000000
20323232000000002323000300000000
20103232000000001223313000000000
31210101000000000112030200000000
13321010000000000130020100000000
31321313000000003030030200000000
20032222000000001201101300000000
13031212000000003012121100000000
02321212000000001230101300000000
02103131000000003001101300000000
02030303000000003030000300000000
31100101000000002312121100000000
31210000000000000130303300000000
13031212000000001223212000000000
13321010000000002330000300000000
20212323000000000112323100000000
20320303000000002330212000000000
02320000000000001201010000000000
02100101000000000112313000000000
20101111000000002330121100000000
13211010000000000123232200000000
31323333000000001201010000000000
13323131000000001201010000000000
13323131000000002330010000000000
20032020000000002323020100000000
20211111000000001223303300000000
20212222000000003023111000000000
13103030000000001212313000000000
13031313000000001230333200000000
13211212000000000123313000000000
02030202000000000112333200000000
31103333000000000112232200000000
20102121000000002323313000000000
20101111000000003012131200000000
13213333000000000101333200000000
20032020000000001230303300000000
20031212000000002330131200000000
02033333000000001201121100000000
31322323000000002330303300000000
02030202000000002301030200000000
13101212000000000112222100000000
02102121000000000123222100000000
31100303000000003023020100000000
02100000000000002330303300000000
31323131000000000112323100000000
31322222000000001201101300000000
31031313000000002330222100000000
31102020000000002301222100000000
13210101000000000130131200000000
13033232000000002301202300000000
31211313000000002301333200000000
02213131000000001212333200000000
31103131000000000112020100000000
31100202000000003023101300000000
12011220000000000100203200000000
30322221000000003132233300000000
22301311000000003132221000000000
10203122000000002033312300000000
11033211000000000012000200000000
03123020000000002002301200000000
21221121000000002332133300000000
30301102000000000122233000000000
12003200000000002332121200000000
03130122000000001201320200000000
03230321000000000310003000000000
11103023000000001003133300000000
02131320000000001203010000000000
01233200000000001133222000000000
33102132000000000000021300000000
22110303000000000111201100000000
03311023000000000131003200000000
22031020000000000132231200000000
12002233000000003123031000000000
03121030000000000013030100000000
02330203000000000103121300000000
00212213000000000310030000000000
02323223000000003231002100000000
00012122000000003100003200000000
30300333000000002332132200000000
13201010000000003230313100000000
21012313000000002301102000000000
10212211000000001232000000000000
10301321000000000131131000000000
10300203000000000001230000000000
31320022000000001103100200000000
23221320000000000323233100000000
13223001000000001200203200000000
30201032000000000231302200000000
02001131000000003003022300000000
03123210000000002123303000000000
00033013000000003021003200000000
23102333000000001203103200000000
11312203000000003131132000000000
20011233000000000011313300000000
13131333000000000232232000000000
12113000000000003302310000000000
11101232000000000021200000000000
32030102000000003202233200000000
20230012000000000101233000000000
12032030000000003310131300000000
03131102000000003233300200000000
00210223000000000331022300000000
13101321000000003212200000000000
23301111000000003112000100000000
02113013000000001202022100000000
10000231000000002032112300000000
01021000000000002033011300000000
10133120000000003210022100000000
11030031000000002202322000000000
00123330000000002102200000000000
03312202000000003131013300000000
13211320000000003302132300000000
31301023000000003203020200000000
02112120000000001012131200000000
30102303000000002003030100000000
30100102000000003301010100000000
10310131000000000113020000000000
00323133000000003113001200000000
