33332222000000001111000000000000
11113333000000001111333300000000
22220000000000003333333300000000
00000000000000000000000000000000
22222222000000001111111100000000
22221111000000003333222200000000
22221111000000001111000000000000
11111111000000003333333300000000
11113333000000000000111100000000
00001111000000001111333300000000
00002222000000000000222200000000
11111111000000003333222200000000
22220000000000002222000000000000
11112222000000001111333300000000
00001111000000001111333300000000
11112222000000001111111100000000
33330000000000001111222200000000
33333333000000001111333300000000
11111111000000000000222200000000
33331111000000001111000000000000
00001111000000002222000000000000
11113333000000000000111100000000
00003333000000000000000000000000
11110000000000002222222200000000
33331111000000001111333300000000
00003333000000003333333300000000
22221111000000000000222200000000
22220000000000003333333300000000
33333333000000003333333300000000
33333333000000002222111100000000
22220000000000001111111100000000
22221111000000002222333300000000
00220101000000000022232300000000
11221111000000001122232300000000
00330101000000000022111100000000
00001212000000003333121200000000
00001313000000001111222200000000
33330303000000000033303000000000
00222020000000002233333300000000
33223333000000002211131300000000
22332020000000003300222200000000
00222323000000000000303000000000
33220000000000002233121200000000
22223131000000003322030300000000
22003131000000002222303000000000
33110000000000001111020200000000
11221313000000001133010100000000
33221212000000000033020200000000
22332121000000002200131300000000
11331111000000000011111100000000
00221111000000002233131300000000
00003030000000000000131300000000
00330202000000000033030300000000
33000000000000003311111100000000
33110303000000001133333300000000
11331111000000002222202000000000
11221313000000003333030300000000
22112222000000001111313100000000
22220202000000003333202000000000
00220303000000002200000000000000
00000000000000001111303000000000
22001010000000003333111100000000
11111313000000001122222200000000
33223232000000002200000000000000
11223030000000002200000000000000
11223030000000003333000000000000
22332323000000003322010100000000
22111010000000002222333300000000
22112121000000000022101000000000
11003333000000002211303000000000
11331212000000002233323200000000
11111111000000001122303000000000
00330101000000001111323200000000
33003232000000001111222200000000
22002020000000003322303000000000
22001010000000000011121200000000
11113232000000001100323200000000
22332323000000002233333300000000
22331111000000003333121200000000
00333232000000002200111100000000
33222222000000003333333300000000
00330101000000003300020200000000
11001111000000001111212100000000
00002020000000001122212100000000
33000202000000000022010100000000
00000303000000003333333300000000
33223030000000001111313100000000
33222121000000002200131300000000
33331212000000003333212100000000
33002323000000003300212100000000
11110000000000001133121200000000
11333131000000003300232300000000
33111212000000003300323200000000
00113030000000002211323200000000
33003030000000001111010100000000
33000101000000000022131300000000
12011220000000000100203200000000
30322221000000003132233300000000
22301311000000003132221000000000
10203122000000002033312300000000
11033211000000000012000200000000
03123020000000002002301200000000
21221121000000002332133300000000
30301102000000000122233000000000
12003200000000002332121200000000
03130122000000001201320200000000
03230321000000000310003000000000
11103023000000001003133300000000
02131320000000001203010000000000
01233200000000001133222000000000
33102132000000000000021300000000
22110303000000000111201100000000
03311023000000000131003200000000
22031020000000000132231200000000
12002233000000003123031000000000
03121030000000000013030100000000
02330203000000000103121300000000
00212213000000000310030000000000
02323223000000003231002100000000
00012122000000003100003200000000
30300333000000002332132200000000
13201010000000003230313100000000
21012313000000002301102000000000
10212211000000001232000000000000
10301321000000000131131000000000
10300203000000000001230000000000
31320022000000001103100200000000
23221320000000000323233100000000
13223001000000001200203200000000
30201032000000000231302200000000
02001131000000003003022300000000
03123210000000002123303000000000
00033013000000003021003200000000
23102333000000001203103200000000
11312203000000003131132000000000
20011233000000000011313300000000
13131333000000000232232000000000
12113000000000003302310000000000
11101232000000000021200000000000
32030102000000003202233200000000
20230012000000000101233000000000
12032030000000003310131300000000
03131102000000003233300200000000
00210223000000000331022300000000
13101321000000003212200000000000
23301111000000003112000100000000
02113013000000001202022100000000
10000231000000002032112300000000
01021000000000002033011300000000
10133120000000003210022100000000
11030031000000002202322000000000
00123330000000002102200000000000
03312202000000003131013300000000
13211320000000003302132300000000
31301023000000003203020200000000
02112120000000001012131200000000
30102303000000002003030100000000
30100102000000003301010100000000
10310131000000000113020000000000
00323133000000003113001200000000
