02323321301012102323120300020200
02323321301012102323110300020200
02322321301011102323110300020200
02322321301011101312110333320230
02322321301011131212110333320230
02322321301011131212010333313230
02322321301011130201010223313230
02322321301011130130003223203123
02022211311111133130303112202123
02022211211111133023303102132113
02031211211110132012332002121002
02031211211110122312232031010002
02031211211110121201221321300331
02131101221210120230121210333331
02101101121210120123120200232220
02100101121213113012010133122210
02100101121213112001010023111200
02200031131213112330003312000103
02200031031313111223303302330133
02213031031312110212332231223022
02213031031312100101232131212022
02213031031312103001221121102311
02313321001012102030121010131311
02313321301012102323121000030301
02322321301011101312110300020200
02322321301011131212010333320230
02322321301011131201010223313230
02322321301011130201010223213220
02322321301011130101003223203123
02322321301011130130003223202123
02322311301011130130003212202123
02322311311011130130003212202123
