00110213332303122000303232111330
03301201002132200232132130203321
02120223012011013020232331021200
03130302133110113121033211202011
03223211122230031111111232120302
02002321331132331221331001132230
02111103320331023130130331101213
02211122211221120330211301012221
00110023003033122133232301202130
01220033320120212112100002212312
02212303130120110111331103003321
01212030302002232303123233233332
02200012030333111212102022022221
01231112332101123330322330011211
01321113303112223203210210123232
01010333312230332003302311110021
00333320111311212213011232021320
01223221131132213001021223220333
03020332320301023101222233100333
03230030012023211220313211001102
03012210300112031111003302200102
01221301323111311203302332210021
00010110130320200020322130320212
00110111112030020010210203112333
03132032102300110310022201002322
01033111323020133022222212300321
01023330030202211103110231010120
01200222311110112223323033100031
00102001130313033023201031332233
02031333300322013011102023030003
03222332233031013223021022021133
03121131321122200111023321213212
02122023131310100023300232000100
01122022223322330121212202021211
03223332013031303232322012022000
01120023200130300202121110010333
02120032311223213201213121020013
00231320113111320111301131100312
02222003310012320023202202002331
00011131111210102210232123112301
02121211031100002220132312220330
03123030231121132001112232130033
01200202222113333112313220011032
02101123220012232221011330323320
03113023132132021030301002203010
03011010122310323121103023313122
03002110002313020032212203200222
02030031102131213021223111303100
03203210212313103311321133313132
00201333113330133101212112332312
02210213133123310231201023312210
02203230333030102212222333121121
03130333302100013110311020233023
02001021133130203222100220132230
03212220320210300321211320312211
02331101010013132320230232011002
00001110221212301213003022123321
03201002102322000312333032310112
00013112213102032011000202001131
02213103131221313211021210233210
00130032111021133210303003203030
03133311101031103210012132212002
03022211333301003030330303111320
01023213033222230033331100123033
