00000000000000000000000000000000
01000000000000000000000000000000
02000000000000000000000000000000
03000000000000000000000000000000
00000000000000000000000000000000
00100000000000000000000000000000
00200000000000000000000000000000
00300000000000000000000000000000
00000000000000000000000000000000
00010000000000000000000000000000
00020000000000000000000000000000
00030000000000000000000000000000
00000000000000000000000000000000
00001000000000000000000000000000
00002000000000000000000000000000
00003000000000000000000000000000
00000000000000000000000000000000
00000100000000000000000000000000
00000200000000000000000000000000
00000300000000000000000000000000
00000000000000000000000000000000
00000010000000000000000000000000
00000020000000000000000000000000
00000030000000000000000000000000
00000000000000000000000000000000
00000001000000000000000000000000
00000002000000000000000000000000
00000003000000000000000000000000
00000000000000000000000000000000
00000000000000001000000000000000
00000000000000002000000000000000
00000000000000003000000000000000
00000000000000000000000000000000
00000000000000000100000000000000
00000000000000000200000000000000
00000000000000000300000000000000
00000000000000000000000000000000
00000000000000000010000000000000
00000000000000000020000000000000
00000000000000000030000000000000
00000000000000000000000000000000
00000000000000000001000000000000
00000000000000000002000000000000
00000000000000000003000000000000
00000000000000000000000000000000
00000000000000000000100000000000
00000000000000000000200000000000
00000000000000000000300000000000
00000000000000000000000000000000
00000000000000000000010000000000
00000000000000000000020000000000
00000000000000000000030000000000
00000000000000000000000000000000
00000000000000000000001000000000
00000000000000000000002000000000
00000000000000000000003000000000
00000000000000000000000000000000
00000000000000000000000100000000
00000000000000000000000200000000
00000000000000000000000300000000
