00222220220202023311111311313131
00222220220202023311111311313131
00222220220202023311111311313131
00222220220202023311000310313030
00222220220202022211000210212020
00222220220202022200000200202020
00222220220202022200000200202020
00222220220202021133000130131010
00222220220202021122333123121313
00331110130301010022333023020303
00331110130301010011222012010202
00331110130301013300222302303232
00331110130301012233222232232222
00331110130301012222111221222121
00000000000000001111111111111111
00000000000000000000000000000000
00000000000000000000000000000000
00000000000000003333333333333333
00113330310103032222333223222323
00113330310103032211222212212222
00113330310103031100222102101212
00113330310103030033222032030202
00113330310103030022111021020101
00222220220202023322111321323131
00222220220202023311000310313030
00222220220202022200000200202020
00222220220202022200000200202020
00222220220202022233000230232020
00222220220202021133000130131010
00222220220202021133333133131313
00222220220202021133333133131313
00222220220202021133333133131313
